0 1.1e-06
100 5.58e-06
200 1.002e-05
300 1.504e-05
400 1.938e-05
500 2.386e-05
600 2.826e-05
700 3.3e-05
800 3.792e-05
900 4.238e-05
1000 5.764e-05
1100 6.262e-05
1200 6.8e-05
1300 7.286e-05
1400 7.776e-05
1500 8.256e-05
1600 8.704e-05
1700 9.148e-05
1800 9.588e-05
1900 0.00010064
2000 0.00012374
2100 0.00012864
2200 0.0001335
2300 0.00013884
2400 0.0001437
2500 0.00014854
2600 0.00015342
2700 0.00015822
2800 0.00016302
2900 0.00016786
3000 0.00017274
3100 0.0001776
3200 0.00018248
3300 0.0001873
3400 0.0001923
3500 0.00019708
3600 0.00020152
3700 0.00020594
3800 0.00021036
3900 0.00021476
4000 0.00025502
4100 0.00026004
4200 0.00026502
4300 0.0002698
4400 0.00027456
4500 0.00027926
4600 0.000284
4700 0.00028876
4800 0.0002936
4900 0.0002984
5000 0.00030332
5100 0.00030796
5200 0.00031276
5300 0.00031752
5400 0.00032232
5500 0.00032708
5600 0.00033182
5700 0.00033658
5800 0.00034134
5900 0.00034612
6000 0.0003509
6100 0.00035576
6200 0.00036056
6300 0.00036526
6400 0.00037008
6500 0.00037484
6600 0.00037958
6700 0.00038442
6800 0.00038942
6900 0.0003942
7000 0.00039908
7100 0.00040386
7200 0.00040868
7300 0.00041356
7400 0.00041878
7500 0.00042402
7600 0.00042836
7700 0.00043278
7800 0.00043724
7900 0.00044176
8000 0.00051568
8100 0.00052064
8200 0.00052554
8300 0.00053048
8400 0.00053526
8500 0.00054016
8600 0.00054512
8700 0.00055008
8800 0.00055502
8900 0.00055988
9000 0.00056466
9100 0.00056982
9200 0.00057484
9300 0.00057944
9400 0.00058448
9500 0.0005892
9600 0.00059408
9700 0.00059898
9800 0.00060358
9900 0.00060858
10000 0.00061344
10100 0.00061816
10200 0.00062298
10300 0.00062768
10400 0.0006325
10500 0.00063718
10600 0.00064202
10700 0.00064678
10800 0.0006515
10900 0.0006562
11000 0.00066102
11100 0.00066578
11200 0.00067058
11300 0.0006753
11400 0.00068
11500 0.00068478
11600 0.00068972
11700 0.00069448
11800 0.00069932
11900 0.00070406
12000 0.00070892
12100 0.00071358
12200 0.00071834
12300 0.0007231
12400 0.00072792
12500 0.0007326
12600 0.00073744
12700 0.00074208
12800 0.0007467
12900 0.00075154
13000 0.00075618
13100 0.00076088
13200 0.00076564
13300 0.0007703
13400 0.00077516
13500 0.00077978
13600 0.00078456
13700 0.00078924
13800 0.00079398
13900 0.0007989
14000 0.00080432
14100 0.000809
14200 0.00081372
14300 0.0008184
14400 0.00082306
14500 0.00082772
14600 0.0008325
14700 0.00083726
14800 0.00084198
14900 0.00084658
15000 0.00085136
15100 0.00085592
15200 0.00086098
15300 0.0008657
15400 0.00087052
15500 0.00087508
15600 0.00087958
15700 0.00088394
15800 0.0008882
15900 0.0008926
16000 0.00102848
16100 0.00103314
16200 0.00103766
16300 0.0010421
16400 0.0010489
16500 0.00105328
16600 0.00105762
16700 0.0010621
16800 0.00106652
16900 0.00107316
17000 0.00107752
17100 0.00108204
17200 0.00108634
17300 0.00109072
17400 0.001095
17500 0.0011014
17600 0.00110572
17700 0.00110996
17800 0.00111426
17900 0.00111862
18000 0.00112508
18100 0.00112944
18200 0.00113402
18300 0.00113832
18400 0.00114262
18500 0.00114918
18600 0.00115364
18700 0.00115806
18800 0.00116258
18900 0.00116692
19000 0.00117332
19100 0.00117764
19200 0.00118194
19300 0.00118626
19400 0.0011905
19500 0.00119694
19600 0.00120114
19700 0.00120538
19800 0.00120972
19900 0.00121388
