0 9.6e-07
100 3.54e-06
200 5.72e-06
300 7.94e-06
400 1.016e-05
500 1.274e-05
600 1.498e-05
700 1.746e-05
800 1.968e-05
900 2.204e-05
1000 3.086e-05
1100 3.836e-05
1200 4.652e-05
1300 5.546e-05
1400 6.414e-05
1500 7.372e-05
1600 8.352e-05
1700 9.332e-05
1800 0.00010386
1900 0.00011478
2000 0.00012644
2100 0.0001383
2200 0.00015014
2300 0.00016304
2400 0.00017614
2500 0.00018908
2600 0.00020292
2700 0.000217
2800 0.0002321
2900 0.00024656
3000 0.00026118
3100 0.00027644
3200 0.00029102
3300 0.00030652
3400 0.00032238
3500 0.00033824
3600 0.00035492
3700 0.00037164
3800 0.00038882
3900 0.00040646
4000 0.000424
4100 0.00044268
4200 0.00046096
4300 0.00048084
4400 0.00049978
4500 0.00051962
4600 0.00053984
4700 0.00056196
4800 0.0005835
4900 0.00060552
5000 0.00062762
5100 0.00065098
5200 0.00067312
5300 0.00069612
5400 0.00072114
5500 0.00074684
5600 0.00077092
5700 0.00079598
5800 0.00082212
5900 0.00084772
6000 0.00087392
6100 0.00090042
6200 0.00092692
6300 0.00095372
6400 0.00098256
6500 0.00100974
6600 0.0010381
6700 0.00106658
6800 0.00109534
6900 0.00112536
7000 0.0011556
7100 0.00118636
7200 0.0012162
7300 0.0012477
7400 0.00127844
7500 0.00131076
7600 0.00134322
7700 0.00137546
7800 0.00140746
7900 0.00144058
8000 0.00147324
8100 0.0015068
8200 0.00154304
8300 0.0015796
8400 0.00161714
8500 0.00165318
8600 0.00168952
8700 0.00172684
8800 0.00176616
8900 0.00180416
9000 0.00184214
9100 0.00187954
9200 0.0019188
9300 0.00195714
9400 0.00199586
9500 0.00203414
9600 0.00207372
9700 0.00211388
9800 0.00215398
9900 0.00219404
10000 0.00223512
10100 0.00227644
10200 0.00232094
10300 0.00236616
10400 0.00241104
10500 0.00245542
10600 0.00249952
10700 0.00254352
10800 0.00259078
10900 0.00263674
11000 0.00268328
11100 0.00273016
11200 0.00277788
11300 0.00282292
11400 0.0028697
11500 0.00291742
11600 0.00296718
11700 0.0030147
11800 0.00306344
11900 0.00311442
12000 0.0031664
12100 0.00321636
12200 0.00326794
12300 0.00331868
12400 0.00336978
12500 0.00342056
12600 0.00347224
12700 0.00352278
12800 0.00357436
12900 0.00362628
13000 0.00367922
13100 0.00373238
13200 0.00378676
13300 0.00383968
13400 0.00389582
13500 0.00395044
13600 0.0040067
13700 0.00406388
13800 0.00412256
13900 0.00417862
14000 0.00423582
14100 0.004293
14200 0.00435118
14300 0.00440868
14400 0.00446838
14500 0.00452654
14600 0.00458494
14700 0.00464424
14800 0.0047045
14900 0.00476604
15000 0.0048273
15100 0.00488954
15200 0.0049516
15300 0.00501196
15400 0.00507474
15500 0.0051401
15600 0.00520542
15700 0.0052684
15800 0.00533166
15900 0.00539546
16000 0.00546002
16100 0.00552498
16200 0.00558988
16300 0.00565512
16400 0.00572368
16500 0.0057912
16600 0.00586094
16700 0.00592842
16800 0.0059959
16900 0.00606566
17000 0.0061363
17100 0.0062069
17200 0.0062759
17300 0.00634622
17400 0.006417
17500 0.00649068
17600 0.00656184
17700 0.0066366
17800 0.00671366
17900 0.00678916
18000 0.00686538
18100 0.00693926
18200 0.00701246
18300 0.00709076
18400 0.00716488
18500 0.00724226
18600 0.00731916
18700 0.00739452
18800 0.00747308
18900 0.00754952
19000 0.00762856
19100 0.00770862
19200 0.00779206
19300 0.00787006
19400 0.00794806
19500 0.00803012
19600 0.00811598
19700 0.00819844
19800 0.00828074
19900 0.0083601
