0 0 0 0
50 911 454 58
100 4061 1324 154
150 4257 2135 591
200 6546 3916 977
250 7365 4692 2208
300 9375 6269 3358
350 11551 8240 3945
400 12117 10557 3113
450 17776 11037 6752
500 22759 10268 9214
550 20554 15033 9753
600 20922 18225 10181
650 21017 21679 13100
700 34006 23706 13394
750 23531 17045 17377
800 47518 28248 22003
850 49003 30985 19968
900 43298 29732 28848
950 31179 27176 28349
1000 45474 28691 35569
1050 47284 25695 32576
1100 53407 39762 40570
1150 55213 24816 41095
1200 64235 42094 42815
1250 60480 31224 46876
1300 48485 55972 53440
1350 70597 40094 58873
1400 73060 57059 62783
1450 93833 42366 71064
1500 88996 55439 70549
1550 77544 57270 76339
1600 145207 64096 81539
1650 81638 54625 76950
1700 91211 60874 89404
1750 85027 69542 104731
1800 90667 59060 91629
1850 135919 55412 101042
1900 82138 66155 103098
1950 133635 85343 115801
2000 135380 74019 125101
2050 113940 73437 137996
2100 126573 93990 138780
2150 86229 77994 153491
2200 130504 72950 153711
2250 155182 89658 142472
2300 143262 91932 152048
2350 131610 115992 171543
2400 100100 69042 178309
2450 234957 101625 169880
2500 80616 103638 207438
2550 111233 101440 209627
2600 160510 106743 182697
2650 181911 153130 234408
2700 154654 146256 207924
2750 155535 121551 233819
2800 285272 106744 231943
2850 230522 104079 234032
2900 257968 97223 231418
2950 189724 129511 247567
3000 229089 143481 277031
3050 170036 157624 285868
3100 191084 141200 295062
3150 198286 118616 301902
3200 171719 186708 305287
3250 311499 150119 347314
3300 228064 152919 336006
3350 157964 208519 333019
3400 248349 195818 338037
3450 311396 173233 296860
3500 197162 141977 383468
3550 255623 171167 383611
3600 291406 174992 406721
3650 152766 152677 389645
3700 299852 180816 405340
3750 206238 183355 418989
3800 283306 204589 454329
3850 231569 199699 463766
3900 236228 162568 454394
3950 329643 213041 455737
4000 379190 187714 493027
4050 215706 187782 510870
4100 419659 203118 476102
4150 297321 199833 542043
4200 264731 188075 565757
4250 198896 227906 522958
4300 291508 181569 546460
4350 239929 292341 624373
4400 364315 245757 641666
4450 245060 283659 575800
4500 334150 235432 602834
4550 179342 230429 664131
4600 328810 189195 653167
4650 289321 186145 652232
4700 242824 216948 664646
4750 331872 312091 693039
4800 573549 247063 750895
4850 252176 297363 693514
4900 311924 247463 779536
4950 216520 251586 800303
