0 0 0 0
50 1029 537 1167
100 3524 1958 4720
150 4688 7700 10538
200 5579 6146 18983
250 10074 5566 29817
300 13467 10107 42542
350 19713 17568 58214
400 14746 19966 75503
450 19156 17793 93967
500 27030 23785 116664
550 26447 32066 142716
600 46459 39658 170233
650 25745 48846 201335
700 48802 25377 231032
750 71161 63383 259508
800 69006 44988 295194
850 37227 52758 341407
900 99432 39705 382042
950 65253 45613 425416
1000 83286 53028 469401
1050 45084 61922 519125
1100 96311 134761 569526
1150 61325 101530 627854
1200 141865 122089 672283
1250 101799 86214 738783
1300 88342 83004 789908
1350 179143 78353 848005
1400 147143 96286 930829
1450 83830 127992 982827
1500 104674 166450 1062156
1550 93275 69552 1128534
1600 149636 93400 1199871
1650 156551 93529 1270069
1700 138468 85407 1354100
1750 120356 130265 1427460
1800 175669 351041 1517779
1850 115851 178071 1608657
1900 138139 147191 1701412
1950 283018 94318 1783914
2000 169481 188046 1885087
2050 141698 139940 1964261
2100 197686 142068 2055752
2150 168556 161528 2168598
2200 211327 174504 2282783
2250 265562 139863 2363297
2300 196721 345099 2481868
2350 182578 191642 2600008
2400 212582 138990 2708817
2450 273581 216991 2824401
2500 190037 209307 2930086
2550 194620 313473 3030826
2600 321787 112507 3184943
2650 270432 237218 3291947
2700 210926 210245 3413270
2750 336005 211772 3568354
2800 367105 276088 3684743
2850 179119 233212 3832125
2900 246673 214212 3966078
2950 307015 170596 4073570
3000 324027 413755 4230289
3050 468245 197661 4349173
3100 417738 197555 4514918
3150 206982 262425 4644142
3200 275381 186627 4832347
3250 287446 258691 4965295
3300 454810 280754 5092802
3350 286555 312673 5283012
3400 313873 245585 5401027
3450 357310 272857 5603055
3500 415406 230933 5757202
3550 685687 264878 5940795
3600 299250 220549 6062547
3650 427478 443863 6264979
3700 565517 318257 6434938
3750 282214 534529 6599040
3800 490722 447507 6802689
3850 444809 320440 6951693
3900 557508 169425 7136746
3950 472248 296484 7317614
4000 635118 364285 7500683
4050 431165 345835 7723507
4100 428568 374433 7866078
4150 366798 272845 8114292
4200 429755 442075 8246106
4250 521211 388484 8502457
4300 519889 298499 8741592
4350 555006 554175 8915920
4400 641116 356959 9028223
4450 684121 297219 9294487
4500 404152 429129 9485822
4550 366802 297076 9706688
4600 486401 475645 9950905
4650 1094871 446980 10137653
4700 753304 332337 10360150
4750 840261 649397 10605172
4800 574451 552760 10815347
4850 696672 396932 11028917
4900 352672 498795 11261176
4950 754212 295261 11510732
