0 0 0 0
50 341 336 656
100 976 920 2675
150 1805 1736 4888
200 2402 2164 10223
250 2883 3480 15105
300 3431 3986 23331
350 4406 4100 30468
400 5007 5073 38816
450 6710 6304 50080
500 6584 8921 62642
550 10015 7608 78138
600 9447 7870 94384
650 10048 10816 104627
700 10721 10537 129284
750 11562 10725 141676
800 12228 11302 164085
850 12313 12223 179990
900 13752 13683 201159
950 15819 14470 236919
1000 17411 16098 248461
1050 17816 16467 276089
1100 18246 20505 304640
1150 19109 18618 335886
1200 20847 19027 352445
1250 20473 20546 398006
1300 23458 22968 431691
1350 24242 21259 449919
1400 22973 25863 495512
1450 25415 22436 546038
1500 25967 25760 551093
1550 26027 25649 601690
1600 27606 27537 657995
1650 26870 27695 682587
1700 28154 30473 719566
1750 29096 35894 768645
1800 34034 36224 784742
1850 32457 31202 844083
1900 31549 32806 904771
1950 35062 34850 964075
2000 34280 33224 984795
2050 36317 37538 1050953
2100 37225 37193 1098619
2150 42549 38136 1143522
2200 38668 38255 1223035
2250 40036 38501 1262786
2300 43105 41325 1308873
2350 39926 43829 1412012
2400 42907 42158 1411178
2450 43258 45809 1526189
2500 42811 48698 1575045
2550 47086 47476 1649240
2600 48030 45222 1683288
2650 48851 53519 1733271
2700 56320 46822 1835124
2750 51606 52340 1870832
2800 49238 52964 1967171
2850 63769 52872 1985308
2900 55934 49939 2092066
2950 66542 59045 2169210
3000 64396 65183 2222965
3050 56699 58732 2322492
3100 56855 56276 2366207
3150 56049 61031 2467104
3200 58105 57886 2565716
3250 66065 65956 2619966
3300 62454 65881 2738329
3350 60408 63303 2780327
3400 65843 69807 2913622
3450 71458 67998 2929039
3500 67908 63272 3023731
3550 70240 69765 3220320
3600 68765 76610 3249609
3650 77504 76906 3383005
3700 70997 76228 3355957
3750 70296 80384 3518993
3800 73929 74848 3607378
3850 74947 70150 3690287
3900 79528 79474 3800363
3950 78407 73634 3890096
4000 81529 79514 4024819
4050 82752 80339 4112308
4100 79621 79011 4207627
4150 86806 85535 4356795
4200 89312 88041 4479309
4250 87925 97567 4530495
4300 93154 86187 4509880
4350 92972 89405 4683278
4400 89787 83350 4817993
4450 86944 85723 4902350
4500 95009 94208 5030554
4550 97364 86408 5185278
4600 89438 105834 5159737
4650 90564 96665 5334117
4700 93872 98790 5496182
4750 102044 96563 5615884
4800 100664 101351 5738132
4850 105190 97579 5863473
4900 104870 102333 5898369
4950 114587 97945 6232252
