0 0 0 1e-06
50 4e-06 3.4e-05 1e-05
100 1.1e-05 6.8e-05 3.6e-05
150 1.5e-05 0.000113 7.7e-05
200 1.8e-05 0.00014 0.000138
250 3.1e-05 0.000176 0.000215
300 4e-05 0.000216 0.000306
350 0.000121 0.000268 0.000418
400 4.5e-05 0.000305 0.000621
450 5.7e-05 0.000326 0.000678
500 7.9e-05 0.000422 0.000844
550 7.9e-05 0.00043 0.001055
600 0.000134 0.000476 0.001201
650 7.8e-05 0.000633 0.001452
700 0.000195 0.000503 0.001651
750 0.000201 0.000637 0.001927
800 0.000195 0.000618 0.002151
850 0.000111 0.000667 0.002435
900 0.000335 0.000705 0.003165
950 0.000226 0.000828 0.003276
1000 0.000238 0.000763 0.003439
1050 0.000135 0.000822 0.004943
1100 0.000303 0.001192 0.004714
1150 0.000189 0.001146 0.005147
1200 0.000456 0.001224 0.005217
1250 0.000309 0.001066 0.005617
1300 0.000268 0.001099 0.005968
1350 0.000498 0.00105 0.006894
1400 0.000413 0.00118 0.006704
1450 0.000243 0.001298 0.007739
1500 0.000299 0.001378 0.007593
1550 0.000447 0.001151 0.0082
1600 0.000422 0.001238 0.008643
1650 0.000543 0.001276 0.009481
1700 0.00046 0.001306 0.009968
1750 0.000345 0.001436 0.010377
1800 0.000501 0.00233 0.011023
1850 0.000336 0.001631 0.011558
1900 0.000395 0.001606 0.012792
1950 0.000783 0.001475 0.012747
2000 0.000483 0.001761 0.013534
2050 0.000406 0.001645 0.014099
2100 0.000556 0.001695 0.015269
2150 0.00048 0.001812 0.015948
2200 0.000627 0.001843 0.016357
2250 0.00084 0.001779 0.017076
2300 0.000555 0.002353 0.018019
2350 0.000518 0.00207 0.019018
2400 0.0006 0.001915 0.019946
2450 0.00077 0.00213 0.020475
2500 0.000541 0.002152 0.02121
2550 0.000556 0.002441 0.02198
2600 0.000922 0.001964 0.022967
2650 0.000766 0.002345 0.024665
2700 0.000605 0.002255 0.025084
2750 0.000933 0.002285 0.026246
2800 0.001054 0.002568 0.02663
2850 0.000514 0.002425 0.027695
2900 0.000698 0.002581 0.028535
2950 0.000895 0.002444 0.029282
3000 0.000911 0.003042 0.030409
3050 0.001401 0.002577 0.031887
3100 0.001178 0.002443 0.032695
3150 0.000596 0.002647 0.035343
3200 0.000882 0.002511 0.03548
3250 0.000845 0.002846 0.036936
3300 0.001314 0.002948 0.036959
3350 0.000879 0.002918 0.038365
3400 0.000887 0.00292 0.039005
3450 0.001003 0.002878 0.040234
3500 0.0012 0.002822 0.041848
3550 0.0019 0.002913 0.042964
3600 0.000849 0.003069 0.043866
3650 0.0012 0.003474 0.045512
3700 0.001573 0.003468 0.046251
3750 0.000808 0.003753 0.049524
3800 0.001449 0.003584 0.04944
3850 0.001254 0.003325 0.050728
3900 0.001563 0.002902 0.052022
3950 0.001317 0.003273 0.053133
4000 0.001768 0.003853 0.055059
4050 0.001326 0.003763 0.056766
4100 0.001195 0.003923 0.057656
4150 0.001035 0.003468 0.058141
4200 0.001211 0.003941 0.06063
4250 0.001617 0.003818 0.062197
4300 0.001532 0.003586 0.063387
4350 0.001609 0.004373 0.064456
4400 0.001798 0.003776 0.067918
4450 0.001962 0.003853 0.066968
4500 0.001174 0.004008 0.069184
4550 0.001043 0.003745 0.070189
4600 0.001463 0.004175 0.072395
4650 0.003259 0.004166 0.074013
4700 0.002136 0.003911 0.075883
4750 0.002393 0.00476 0.07738
4800 0.001599 0.004538 0.079865
4850 0.001966 0.004193 0.080273
4900 0.001003 0.004447 0.082023
4950 0.002088 0.003929 0.085068
