0 0 0 2.7e-05
50 5e-06 3.5e-05 2e-06
100 1.1e-05 7.1e-05 9e-06
150 1.1e-05 0.000192 4.1e-05
200 1.7e-05 0.000143 6.3e-05
250 1.9e-05 0.00018 0.000124
300 2.4e-05 0.000218 0.000161
350 3.1e-05 0.000256 0.000203
400 3.2e-05 0.000293 0.000193
450 4.4e-05 0.000323 0.000319
500 5.5e-05 0.000361 0.000429
550 5.1e-05 0.000401 0.00059
600 5.3e-05 0.000444 0.000569
650 5.5e-05 0.000476 0.000769
700 8.1e-05 0.000521 0.001014
750 6.1e-05 0.000539 0.001017
800 0.000111 0.000598 0.001139
850 0.000113 0.000644 0.001069
900 0.000103 0.000669 0.001725
950 8.9e-05 0.000776 0.001845
1000 0.000111 0.000771 0.0019
1050 0.000114 0.000765 0.002186
1100 0.000148 0.000913 0.002586
1150 0.000173 0.000943 0.002773
1200 0.000195 0.00105 0.002432
1250 0.000153 0.000952 0.003126
1300 0.000132 0.001045 0.003067
1350 0.000171 0.001008 0.003187
1400 0.000175 0.001113 0.003117
1450 0.000219 0.00107 0.003774
1500 0.000211 0.001195 0.004408
1550 0.000294 0.00123 0.004519
1600 0.000321 0.001236 0.004421
1650 0.000196 0.00124 0.004573
1700 0.000213 0.001342 0.005503
1750 0.000209 0.001314 0.005694
1800 0.000219 0.001353 0.00593
1850 0.00031 0.00138 0.006234
1900 0.000207 0.001456 0.006554
1950 0.000302 0.001505 0.006389
2000 0.000309 0.0015 0.007936
2050 0.000273 0.001572 0.007714
2100 0.000302 0.001683 0.008215
2150 0.000222 0.001619 0.00877
2200 0.000312 0.001696 0.008933
2250 0.000359 0.001717 0.009711
2300 0.000334 0.001753 0.009943
2350 0.000315 0.001949 0.01119
2400 0.00026 0.001769 0.01105
2450 0.000552 0.001872 0.012058
2500 0.000221 0.001912 0.011628
2550 0.000277 0.00194 0.01166
2600 0.000382 0.00196 0.012664
2650 0.000419 0.002239 0.013662
2700 0.000376 0.002129 0.012985
2750 0.000414 0.00211 0.013525
2800 0.000642 0.002153 0.014056
2850 0.000516 0.002179 0.014267
2900 0.000583 0.002175 0.01524
2950 0.000448 0.002311 0.015134
3000 0.000519 0.002354 0.016311
3050 0.000674 0.002507 0.017383
3100 0.00045 0.002496 0.018139
3150 0.000471 0.002424 0.019215
3200 0.00045 0.002682 0.020692
3250 0.000752 0.002684 0.020459
3300 0.000541 0.002612 0.021471
3350 0.000396 0.002845 0.020792
3400 0.000581 0.00275 0.022076
3450 0.000749 0.002729 0.020013
3500 0.000476 0.00271 0.023936
3550 0.000603 0.00283 0.023881
3600 0.00067 0.002836 0.024906
3650 0.000398 0.002808 0.025692
3700 0.000682 0.002887 0.027138
3750 0.000508 0.002918 0.026346
3800 0.000685 0.002996 0.028396
3850 0.000607 0.003031 0.029424
3900 0.000703 0.003025 0.027888
3950 0.000753 0.003142 0.030025
4000 0.000852 0.003188 0.032777
4050 0.000569 0.003387 0.032874
4100 0.000955 0.003293 0.030289
4150 0.00069 0.003376 0.034126
4200 0.00085 0.003548 0.034939
4250 0.000496 0.003444 0.034998
4300 0.000698 0.003463 0.037395
4350 0.000604 0.003726 0.03772
4400 0.000826 0.003584 0.038213
4450 0.000596 0.003974 0.037736
4500 0.000766 0.003637 0.038487
4550 0.000501 0.003655 0.041293
4600 0.000769 0.003528 0.042177
4650 0.000749 0.003572 0.03934
4700 0.00059 0.003777 0.043324
4750 0.000773 0.003868 0.041337
4800 0.00124 0.003806 0.045243
4850 0.000654 0.003936 0.047379
4900 0.000738 0.003829 0.047912
4950 0.000551 0.003925 0.049604
