0 1e-06 0 0
50 3e-06 6.4e-05 1e-05
100 5e-06 7.6e-05 3.5e-05
150 9e-06 0.000113 6.4e-05
200 1.3e-05 0.000147 0.000114
250 1.6e-05 0.00019 0.000172
300 2e-05 0.000222 0.000259
350 2.4e-05 0.000264 0.00034
400 2.8e-05 0.000302 0.000449
450 3.2e-05 0.000342 0.000557
500 3.4e-05 0.000382 0.000708
550 4.4e-05 0.000413 0.000881
600 4.6e-05 0.000461 0.001065
650 4.9e-05 0.000515 0.001152
700 5.3e-05 0.000532 0.001406
750 5.9e-05 0.000589 0.001635
800 6.3e-05 0.000683 0.001893
850 0.00012 0.000658 0.001977
900 6.9e-05 0.000771 0.002378
950 8.2e-05 0.000813 0.002811
1000 8.6e-05 0.000775 0.002716
1050 8.9e-05 0.000846 0.00311
1100 0.0001 0.000951 0.003837
1150 9.9e-05 0.001063 0.004169
1200 0.000108 0.001114 0.004499
1250 0.000109 0.00106 0.00453
1300 0.000117 0.001128 0.004924
1350 0.000115 0.001109 0.004894
1400 0.000116 0.001115 0.005436
1450 0.000124 0.001156 0.005774
1500 0.000132 0.001196 0.006195
1550 0.000181 0.001258 0.006795
1600 0.000137 0.001291 0.007342
1650 0.000139 0.0013 0.007634
1700 0.000146 0.001312 0.008142
1750 0.000149 0.001375 0.008653
1800 0.000158 0.00141 0.009137
1850 0.000163 0.001441 0.009774
1900 0.000164 0.001481 0.010084
1950 0.00017 0.001521 0.010647
2000 0.000176 0.001589 0.011352
2050 0.000181 0.001624 0.011647
2100 0.000186 0.001673 0.012769
2150 0.000198 0.001738 0.013036
2200 0.000196 0.001738 0.013591
2250 0.000198 0.001759 0.014882
2300 0.000203 0.001802 0.015055
2350 0.00021 0.002144 0.015755
2400 0.000214 0.001881 0.016685
2450 0.000211 0.001932 0.016856
2500 0.00022 0.002035 0.017939
2550 0.00023 0.002057 0.018706
2600 0.000237 0.002067 0.019838
2650 0.000276 0.00215 0.019664
2700 0.000264 0.002189 0.020693
2750 0.000254 0.002185 0.022087
2800 0.000247 0.002215 0.022821
2850 0.000278 0.002266 0.023883
2900 0.000264 0.002381 0.024335
2950 0.000298 0.002344 0.02528
3000 0.000297 0.002398 0.026203
3050 0.000276 0.002602 0.027151
3100 0.000283 0.002415 0.028439
3150 0.000279 0.002492 0.029262
3200 0.000391 0.002789 0.030719
3250 0.000309 0.002553 0.030897
3300 0.000325 0.002642 0.032438
3350 0.000307 0.002706 0.032984
3400 0.000312 0.002778 0.033548
3450 0.000333 0.002714 0.035525
3500 0.000328 0.002729 0.036162
3550 0.000343 0.002798 0.037312
3600 0.00033 0.002847 0.038546
3650 0.000356 0.002865 0.040501
3700 0.000348 0.002971 0.040802
3750 0.000351 0.002997 0.042046
3800 0.000364 0.002995 0.042908
3850 0.000363 0.003116 0.044077
3900 0.000381 0.003114 0.045717
3950 0.000374 0.003518 0.048285
4000 0.000386 0.003311 0.048501
4050 0.000415 0.003453 0.049518
4100 0.00039 0.003384 0.051431
4150 0.00041 0.003374 0.052475
4200 0.000484 0.00347 0.053499
4250 0.00048 0.003494 0.056065
4300 0.000429 0.003477 0.055327
4350 0.000483 0.003563 0.058245
4400 0.000478 0.003559 0.059338
4450 0.000417 0.003625 0.060447
4500 0.000447 0.003724 0.063319
4550 0.000497 0.003696 0.065018
4600 0.000439 0.003699 0.067092
4650 0.000479 0.003822 0.067951
4700 0.00046 0.003955 0.069689
4750 0.000477 0.003849 0.072274
4800 0.000503 0.003838 0.071756
4850 0.000517 0.003857 0.073974
4900 0.000486 0.004016 0.076029
4950 0.000525 0.003911 0.077421
