0 0 0 0
50 518 271 1167
100 1720 906 4720
150 2283 3753 10538
200 2658 2912 18983
250 4874 2646 29817
300 6495 4682 42542
350 9430 8504 58214
400 7069 9749 75503
450 9096 8387 93967
500 12822 11263 116664
550 12729 15551 142716
600 22707 19372 170233
650 11892 23644 201335
700 23594 12028 231032
750 34917 30555 259508
800 33099 20852 295194
850 17538 25095 341407
900 48874 18620 382042
950 31542 21326 425416
1000 40485 25091 469401
1050 21590 29893 519125
1100 46673 65258 569526
1150 29031 49009 627854
1200 69148 59271 672283
1250 49183 40999 738783
1300 42837 39921 789908
1350 87589 37432 848005
1400 71877 46303 930829
1450 39915 61372 982827
1500 50326 80759 1062156
1550 44178 32680 1128534
1600 72910 44426 1199871
1650 76140 43963 1270069
1700 66485 40038 1354100
1750 57325 61465 1427460
1800 84357 170773 1517779
1850 54995 85534 1608657
1900 65963 70231 1701412
1950 138440 43982 1783914
2000 82163 89354 1885087
2050 68254 65900 1964261
2100 95921 67318 2055752
2150 81183 76377 2168598
2200 102402 83607 2282783
2250 128272 66113 2363297
2300 94292 165014 2481868
2350 88266 91015 2600008
2400 101991 64010 2708817
2450 132956 104114 2824401
2500 91218 99680 2930086
2550 93366 151097 3030826
2600 157109 51690 3184943
2650 131225 114400 3291947
2700 101006 100893 3413270
2750 163241 100716 3568354
2800 178064 131976 3684743
2850 84489 111366 3832125
2900 118942 101903 3966078
2950 148620 79838 4073570
3000 156742 199901 4230289
3050 228107 91200 4349173
3100 201780 93023 4514918
3150 98901 123662 4644142
3200 133124 87422 4832347
3250 138650 123041 4965295
3300 221737 134129 5092802
3350 138151 147823 5283012
3400 151793 116695 5401027
3450 172482 129390 5603055
3500 201924 109291 5757202
3550 337454 125017 5940795
3600 144014 101766 6062547
3650 208190 215016 6264979
3700 276661 150485 6434938
3750 135246 256900 6599040
3800 238929 214389 6802689
3850 216349 152942 6951693
3900 272444 77340 7136746
3950 229582 140593 7317614
4000 311198 173098 7500683
4050 209179 164244 7723507
4100 205853 178663 7866078
4150 175279 127888 8114292
4200 207897 212851 8246106
4250 253420 184121 8502457
4300 252224 140513 8741592
4350 269658 266079 8915920
4400 313803 169560 9028223
4450 334031 140878 9294487
4500 194596 201674 9485822
4550 175385 141049 9706688
4600 235763 228278 9950905
4650 539507 213299 10137653
4700 368549 154211 10360150
4750 412705 314687 10605172
4800 279373 265832 10815347
4850 339535 187596 11028917
4900 166095 239058 11261176
4950 367299 137670 11510732
