0 0 0 0
50 95 104 58
100 114 231 154
150 207 475 591
200 402 604 977
250 595 737 2208
300 630 1100 3358
350 877 1612 3945
400 904 1112 3113
450 900 1966 6752
500 1291 2091 9214
550 1366 1737 9753
600 1763 1722 10181
650 1764 1966 13100
700 1839 2722 13394
750 2108 2832 17377
800 2667 2579 22003
850 2727 2896 19968
900 2567 3588 28848
950 3213 3757 28349
1000 2648 4234 35569
1050 2754 4259 32576
1100 4441 4334 40570
1150 3279 4753 41095
1200 3565 4000 42815
1250 4140 5523 46876
1300 5042 4856 53440
1350 4388 6791 58873
1400 3889 5894 62783
1450 4969 8590 71064
1500 5873 6730 70549
1550 5726 8376 76339
1600 5862 6339 81539
1650 5213 9740 76950
1700 4580 7494 89404
1750 6777 6633 104731
1800 5347 7270 91629
1850 6147 7669 101042
1900 6729 8624 103098
1950 5154 8837 115801
2000 6279 8279 125101
2050 8418 10685 137996
2100 8289 8427 138780
2150 8522 9756 153491
2200 7875 8863 153711
2250 7142 10873 142472
2300 8698 10521 152048
2350 7840 12753 171543
2400 9952 10911 178309
2450 9118 11975 169880
2500 10889 10911 207438
2550 8041 12703 209627
2600 9970 13651 182697
2650 9264 11121 234408
2700 9613 9668 207924
2750 11776 11516 233819
2800 10919 12274 231943
2850 9148 13971 234032
2900 13314 13520 231418
2950 12033 12579 247567
3000 11944 15115 277031
3050 13215 14548 285868
3100 12451 19794 295062
3150 12904 13713 301902
3200 11474 13598 305287
3250 10598 17708 347314
3300 10529 19220 336006
3350 14595 13110 333019
3400 11839 14641 338037
3450 12623 19097 296860
3500 12391 19188 383468
3550 14777 16453 383611
3600 12067 20076 406721
3650 16863 18234 389645
3700 12970 15860 405340
3750 15798 17728 418989
3800 13314 18684 454329
3850 16862 20353 463766
3900 14276 16205 454394
3950 15448 18232 455737
4000 15756 19861 493027
4050 15839 17949 510870
4100 18236 21308 476102
4150 16453 25194 542043
4200 14901 20932 565757
4250 16183 17915 522958
4300 24646 20320 546460
4350 17990 18503 624373
4400 18147 26028 641666
4450 20395 18786 575800
4500 18512 20145 602834
4550 19211 22301 664131
4600 18864 23112 653167
4650 20927 24354 652232
4700 16812 23303 664646
4750 19284 20285 693039
4800 19089 25843 750895
4850 20196 21167 693514
4900 17416 26707 779536
4950 19699 25540 800303
