0 0 0 0
50 125 166 656
100 383 386 2675
150 658 818 4888
200 1020 936 10223
250 1074 1495 15105
300 1289 1529 23331
350 1589 1595 30468
400 1891 2140 38816
450 2110 2453 50080
500 2054 3669 62642
550 3353 3081 78138
600 3628 3113 94384
650 3292 4675 104627
700 3448 4392 129284
750 4305 4360 141676
800 4361 4551 164085
850 4211 4893 179990
900 4555 5108 201159
950 5920 5424 236919
1000 6466 5897 248461
1050 6745 6772 276089
1100 5900 8029 304640
1150 6008 7029 335886
1200 7560 7805 352445
1250 7031 8237 398006
1300 8235 9225 431691
1350 8047 7774 449919
1400 8326 10494 495512
1450 9033 8274 546038
1500 9508 10005 551093
1550 8323 9621 601690
1600 9360 10825 657995
1650 9106 10184 682587
1700 10299 11333 719566
1750 10094 14379 768645
1800 10518 13744 784742
1850 11769 12546 844083
1900 10521 12343 904771
1950 10756 13289 964075
2000 12442 12584 984795
2050 12679 14648 1050953
2100 12952 13425 1098619
2150 14721 13683 1143522
2200 13889 14372 1223035
2250 13338 14765 1262786
2300 14278 16254 1308873
2350 14570 16474 1412012
2400 14330 15800 1411178
2450 13474 18090 1526189
2500 14678 19152 1575045
2550 16684 19248 1649240
2600 17957 17927 1683288
2650 17091 21404 1733271
2700 20123 18022 1835124
2750 18901 20967 1870832
2800 16299 20999 1967171
2850 21519 21016 1985308
2900 18065 18851 2092066
2950 25347 22911 2169210
3000 23205 25350 2222965
3050 19343 22621 2322492
3100 19328 21656 2366207
3150 18639 23996 2467104
3200 20357 21781 2565716
3250 23887 27144 2619966
3300 20756 25042 2738329
3350 21685 23632 2780327
3400 21158 28615 2913622
3450 25027 27526 2929039
3500 23179 23438 3023731
3550 24836 28108 3220320
3600 21929 29038 3249609
3650 27007 31161 3383005
3700 25079 26423 3355957
3750 24743 32089 3518993
3800 26925 28133 3607378
3850 25357 25517 3690287
3900 27864 31588 3800363
3950 28046 27613 3890096
4000 29215 31027 4024819
4050 27693 28792 4112308
4100 28273 30183 4207627
4150 32487 29266 4356795
4200 30216 34551 4479309
4250 29969 36519 4530495
4300 35651 32891 4509880
4350 35759 35522 4683278
4400 32155 32682 4817993
4450 27197 33440 4902350
4500 32999 34984 5030554
4550 35217 32637 5185278
4600 30392 40936 5159737
4650 30911 39305 5334117
4700 33441 35845 5496182
4750 37133 37011 5615884
4800 35942 39737 5738132
4850 40420 35810 5863473
4900 37082 39515 5898369
4950 41921 37879 6232252
